5 5
A
12
00100
01010
10001
11111
10001
00100
01010
10001
10101
10001
00100
01010
11111
10001
10001
00101
01010
11111
10001
10001
10100
01010
11111
10001
10011
10111
01010
11111
10001
10011
00100
01010
11111
11011
11011
00100
01010
01111
10001
10001
01110
10001
11111
10001
10001
00100
01011
10101
10001
10001
00100
01010
11110
10010
10010
01100
01010
11111
10011
11001
E
10
11111
10000
11111
10000
11111
11111
11000
11111
10000
11111
11111
11100
11111
11000
11111
11111
11000
11111
11110
11111
11111
10100
11111
11000
11111
11111
11000
11100
11000
11101
01110
01100
11110
01000
11110
11100
11000
11101
11000
11100
11100
10000
11100
10000
11100
11111
10000
11100
10000
11111
I
10
01110
00100
00100
00100
01110
11111
00100
00110
00100
11111
01110
01110
01110
01110
01110
01110
00110
00110
00110
01110
11110
01100
01100
01100
11110
00000
01110
00100
00100
01110
01110
00100
00100
01110
00000
00100
00100
00100
00100
00100
01111
00100
00100
00100
01111
11111
00100
00100
00100
11111
O
12
00100
01010
10001
10001
11111
11111
10001
10001
01010
00100
00100
01010
10001
01010
00100
01110
10001
10001
10001
01110
11111
10001
10001
10001
11111
01110
11011
10001
11011
01110
00110
11010
10001
01011
01100
01110
11011
10001
10010
01100
01100
10011
10001
01011
11100
11110
01001
10001
11001
01110
01110
11101
10001
10111
01110
01110
11111
11011
11111
01110
U
10
10001
10001
10001
01010
00100
10001
10001
10001
11011
01110
10001
10001
10001
10001
01110
11011
11011
11011
11011
01110
10001
10001
10001
10001
11111
10001
10001
10001
01001
00111
10001
10001
10001
10010
11100
10011
11001
10001
11011
00110
10001
10001
10001
00011
11100
10001
01001
01001
01010
01110