15 epochs and 0 of error
weights:
[-0.936713663948359, -0.478939914884248, -0.534290192869771, -1.47774034890451, 1.29046160727564]
[-0.566661188445492, 0.0768511193166035, -0.0092236495505319, 1.89895293584415, -0.774215446079076]
[0.475083123477156, -0.816381144898909, -0.683558170553812, 2.71284328184145, -2.05580328947934]
[-0.949552347793593, 0.546245070211005, 0.928495778296292, 1.59745812690879, -1.28961270858118]
[-0.27558587351531, 0.519089273464233, -0.552966344166913, -2.14542336987101, 0.785942975419379]
[-0.970696952323888, 2.48964875016721, -0.267517018074661, -0.413714780141529, 0.965924364300668]
[0.207128065845868, 0.523593217235923, 0.267450805138271, -0.497445015684939, -1.18732564402691]
[-0.254513246405515, -1.40268073324785, 0.23987272107023, -0.689537376410839, 0.231564092845693]
[1.14159290179486, -2.17581277718333, -1.08057304111295, 0.174167437689226, -0.0347614023566197]
[-0.0550694913336542, -3.25968311303218, 0.0193498040615078, -0.703989437322735, 0.912909067402801]
[-0.695520690656681, 0.70992505670358, -2.13960700830301, 1.30711219642258, -0.313939314134349]
[0.267043391785235, 1.796015831043, -0.644207889206529, -2.94343159394073, -1.04005322560507]
[0.644722986628156, -0.126789407628953, 0.552224119433548, -5.2914154597622, -1.47262023220946]
[0.343439705374927, 1.14658139174936, 0.128945832860122, -1.39781165524108, -0.391123120135784]
[-0.815803042840543, -0.304344324273343, -1.47765314425409, 0.633950185838885, 0.209825471113708]
[1.29194278198692, 1.24360778921137, 0.0206379446592708, -0.423021203272818, 0.136288384579241]
[-0.398883390698938, 0.570178926488227, -0.426076267219843, -0.085244767955691, -0.18522605204888]
[-0.653900186796851, -1.95300966080072, 0.27561458564584, -1.661008724422, -0.52318931432121]
[-0.266506434490181, -1.23036019584196, -0.16584220044425, -0.465384571763415, 0.504664396676056]
[0.710313747991012, -3.51599830483642, -1.24935284575381, 1.05494875296022, -0.235386056763729]
[0.593857933729773, 0.137484141070897, -0.271564446310743, 0.445436668985746, -1.03406305046652]
[-0.204611946330359, -0.706283847190938, 0.813899642481752, -0.61437644225266, -0.290344563391919]
[-2.09016417171375, 0.264354932987087, 0.0925106832805409, 1.75640805035741, 0.728767215395424]
[-0.787245139773298, 0.675317516989306, 0.206778656017323, 0.634851489152726, 0.402730286839574]
[0.774354759044969, 0.660253823564317, 0.180921052969742, 0.132652860484347, -0.211007920621468]
bias:
-0.708551402000813
-3.13468082170371
0.16491761858539
-1.01632231095919
-0.148233519265703
mapping:
A -> 10000
E -> 01000
I -> 00100
O -> 00010
U -> 00001
